0 0 0 0 0 0.00 0.00
100 10 20 7644 0 0.18 0.16
100 10 20 7644 0 0.20 0.17
1000 100 20 156596 220 14.35 15.06
10000 1000 20 696083 37460 406.22 463.79
100000 10000 20 1028870 415580 6759.38 7975.10
200 20 10 678 1 0.02 0.02
200 20 50 1594690 40 154.58 135.56
200 20 100 23840700 0 9123.74 5810.49
200 20 200 0 0 0.00 0.00
100 50 20 1341 13 0.06 0.06
1000 500 20 36256 4026 4.75 4.74
10000 5000 20 378148 162235 275.48 313.63
100000 50000 20 922224 713874 6436.43 7893.11
200 100 10 385 8 0.01 0.02
200 100 50 30586 1084 5.83 3.98
200 100 100 294370 21830 116.23 95.07
200 100 200 1966120 248703 2935.86 1511.49
