100 50 20 1366 13 0.06 0.06
1000 500 20 38148 3943 5.36 4.91
10000 5000 20 389980 161548 298.17 319.09
100000 50000 20 946888 713870 4771.85 5591.79
200 100 10 385 8 0.01 0.01
200 100 50 39931 996 7.39 5.13
200 100 100 298873 21721 147.16 98.40
200 100 200 2892830 183662 3640.87 2301.54
100 10 20 9047 0 0.23 0.17
1000 100 20 158684 220 14.85 15.31
10000 1000 20 716568 37326 417.77 471.74
100000 10000 20 1028880 415580 4892.52 5703.04
200 20 10 716 1 0.02 0.02
200 20 50 1886520 34 194.97 156.60
200 20 100 40067600 0 11895.50 9374.95
200 20 200 0 0 0.00 0.00
